Reception Guru_Paduka_Vanam
12.828896620532316,77.51148108734746
12.829086824857802,77.51089586559992
12.82915431668067,77.51066932814925

Guru_Paduka_Vanam T_point
12.829117502961363,77.51054976671695
12.828442583819221,77.51009039910866
12.82824624336522,77.51007152098778
12.82748542265882,77.51017849700614

T_point Divine_Services
12.827461369988114,77.51016790321894
12.827207112231562,77.51009257095816

Divine_Services Madhurya
12.827181686441778,77.5100635970117
12.827068682900533,77.51001144390808
12.826969804760322,77.50991872727943

T_point Vishala_Cafe
12.82748679574964,77.5101968771654
12.827424643883598,77.51030408076728
12.82720146205627,77.51043736092097
12.82707150798968,77.51053007754966

Madhurya T_point2
12.826897707299649,77.50984729492032
12.826731372085195,77.50970039605184
12.826565036760783,77.50960562258831
12.826398701326427,77.50956060519313
12.826327084647229,77.50955586651995

T_point2 T_point24
12.826275065729618,77.50953212738767
12.826000226407482,77.50942039413202
12.825829380191088,77.5093645275042

T_point24 Vishalakshi_Mantap_front_side
12.825782324062168, 77.50934572419283
12.825690722307018,77.50931881844508

T_point24 Gauri_Hall
12.825803156560665, 77.50928124873161
12.825782234268138, 77.50916591375547
12.825784849554791, 77.50901302785687
12.825784205395056, 77.50895938368193
12.825812531224292, 77.50895511152672

Gauri_Hall Shankra_Hall
12.825824194800111, 77.508939731768
12.825850854399942, 77.50889530135396
12.825900008029745, 77.50883720004325
12.825896675580841, 77.50878251644153
12.825896210811258, 77.50868657899159
12.825894204002854, 77.50860528162558

Shankra_Hall Ganesha_Hall
12.825888571636913, 77.5085725131391
12.825869163064485, 77.50853903935975
12.825847264244166, 77.5085204861143
12.825818700562605, 77.50848337962343
12.825804016674237, 77.50846334757962
12.825762172087588, 77.50845530095337
12.825708558700768, 77.50844859543152

Vishalakshi_Mantap_front_side Vishalakshi_Mantap_GF
12.82567747596952, 77.50929468955346
12.825680781781685, 77.50923479244156
12.825680781781685, 77.50896695063929

Vishalakshi_Mantap_GF Mahavir_Hall
12.825631487923427, 77.50897796380363
12.825584397794465, 77.50896830478847
12.825537307656697, 77.50894898675813
12.825463533089795, 77.50888459332364
12.825443127354713, 77.50873970809607
12.825463533089795, 77.50861897040643
12.825498065868487, 77.50854491795678
12.825560852726676, 77.50849018353748
12.825631487923427, 77.50846442616368
12.825640905948156, 77.50851111140369

Mahavir_Hall Buddha_Hall
12.825666020679055, 77.50851433107542
12.825640905948156, 77.50855940647955
12.825640905948156, 77.50860609171954

Vishalakshi_Mantap_front_side Amphitheatre
12.825685770238314,77.50937722446507
12.825678342135078,77.50942039413202

T_point2 Vishalakshi_Mantap_back_side 
12.826344229048345,77.50947676511272
12.826372997135874,77.5092997393354
12.826406995780545,77.50886790372707
12.82640438050035,77.50873111108095

Vishalakshi_Mantap_back_side T_point8
12.82640176522013,77.50869356015849
12.826205619125957,77.5083260975601
12.826080085545458,77.50815443620027
12.825988550603535,77.50809810981657
12.825826402910403,77.50804446564163
12.825664255112795,77.50804714785038
12.825466041463926,77.50810082815212
12.825249450156228,77.50816210628682
12.824732617747241,77.50852058338232
12.824588176824188,77.50862692565906
12.824563698188804,77.50864724866864

T_point8 Gate3
12.82453805390157,77.50863768489941
12.824522407419852,77.5086242886103
12.824472716719388,77.50858673768784

Gate3 Annapoorna
12.824425641309904,77.50859746652283
12.824355028179165,77.50861087756657

Gate3 Aparna_Gate
12.824530253319033,77.50854114013913
12.824608712297339,77.50848481375543
12.824718554825877,77.5084204407455

Vishalakshi_Mantap_front_side T_point36
12.825609825520788,77.50935297087956
12.82553452965014,77.50937613764093
12.825426605529605,77.50936584130254
12.825353819468692,77.5093323782028

T_point36 T_point4
12.82532518349754, 77.50934732449063
12.825303622173026,77.5093967303177
12.825233345942301,77.50944563792503
12.825163069691932,77.50946365651721

T_point36 Secretariat
12.825338120360183, 77.50930445903197
12.825315232059214, 77.50927996448291
12.825325183494662, 77.5092391402345

T_point4 T_point8
12.825080244085958,77.50937356355634
12.82508275395322,77.50915734045026
12.825022517132354,77.50903378438964
12.824922122398865,77.50896428410555
12.824861885539564,77.50883557987574
12.824791609185484,77.50878152409922
12.824630977445322,77.50869915339214
12.82457827013324,77.50866311620779

Vishalakshi_Mantap_back_side T_point5
12.826409200607522,77.50864714465075
12.82640231879006,77.50856597842736
12.826398877881255,77.5084283487442

T_point5 Gate4
12.82640238796845,77.508314365071
12.826445368743032,77.50819975521505
12.826501243739008,77.50807632921635

Gate4 T_point7
12.826555338489001,77.50805206769463
12.826665200676574,77.50808023614486
12.82717178680993,77.5082022994292
12.827306062481513,77.50823985736284
12.827385407162874,77.50807084666145

T_point7 Maitreyi_Hall
12.827406769188194,77.50798947113857
12.827351838262272,77.50795191320493

Gate3 T_point9        
12.824458612720742, 77.50861820294561
12.824417777906019,77.50864302603779
12.824331472963065,77.50871812788272
12.823782258996342,77.50925993404968
12.82374302938144,77.50927602730216

Annapoorna T_point9
12.824305308484446,77.508664543829
12.82410131484406,77.5088281585626
12.823852860827996,77.5090829683936
12.82371163422532,77.50922512545719

Annapoorna Annapoorna_Hall
12.824280858908887, 77.50865249060578
12.824256667361668, 77.50864444397953
12.824247513802659, 77.50862298630956
12.824219399297897, 77.50861359857893
12.82419390009319, 77.50859415256552

T_point9 Padmini_Gate
12.823685481142055,77.50924390091843
12.823593945329234,77.50927876963215
12.823497178849907,77.50918221012478
12.823573022840629,77.50895958679875
12.823604406554244,77.50886839170133
12.823552100362711,77.50873696347271
12.823439642014112,77.5086404039578
12.823442257325118,77.50851165793793

Aparna_Gate Padmini_Gate 
12.824590030313624,77.50809878229346
12.824113726928223,77.50794266736541
12.823686526217873,77.5080610125528
12.823553946539645,77.50836820644346
12.823477835952081,77.50848906961357

T_point7 T_point46
12.827429917217128,77.50794197654108
12.827558504897143,77.50758512752863
12.827732476359643,77.50740153129759
12.827893841086889,77.50722569265379
12.82795574100761, 77.50713582992803

T_point46 T_point10
12.827974007634854,77.50711116162024
12.827992306064335, 77.50705219108055

T_point46 Patanjali_Mantap
12.827947387845212, 77.50709073651144
12.827924460231479, 77.50707058122116
12.827893890076567, 77.50705154566921

T_point10 Jamini_Hall
12.827968768689875, 77.50700659353184
12.827937385520505, 77.50697172481813

T_point10 Tripura_Hall
12.828070772380395,77.50710579720275
12.828125692895092,77.50713530149898
12.82825645597707,77.5072157677614
12.828293069627847,77.5072506364751

Tripura_Hall Baswa_Accomodation
12.828460446249272,77.50739279353873
12.828606900711993,77.50742498008195
12.82868274316278,77.50737938253326
12.829281636202433,77.50747057765501

T_point10 T_point11
12.828021956221948,77.50699455610527
12.828063409144548,77.50689738116712
12.82813151035971,77.5067364351758
12.828125588509783,77.5067030312912

T_point11 T_point12
12.828099446593189, 77.50669495302782
12.82805237186212, 77.50666544873161
12.828007151599214,77.50665140710531
12.827905203918556,77.5065789800368
12.82778490171769,77.50655484015807

T_point12 Shat_Kriya_Hall
12.827777053420053, 77.506509230334
12.82778490171769,77.50642341192946
12.827831976498786,77.50623029289966

T_point12 Vivasvan_Yogshala
12.827716902296181,77.50654943523658
12.827659366425099,77.50655211744534
12.827599215273082,77.50653065977535

Vivasvan_Yogshala Kapila_Hall
12.827523799217788,77.50652753523654
12.827563028243349,77.50653286407156
12.827536846534736, 77.50652753523657
12.827513329755206, 77.50649531499403
12.827508107605858,77.50645243339164
12.827513338143284,77.50635587387674

T_point11 Anugraha_Mantap
12.828146536577767, 77.50667614812524
12.828122983955716,77.50659302914215
12.828107292381139,77.50649378741849
12.828094216068257,77.50641332115607
12.828136043416567, 77.50630332911433

Anugraha_Mantap Shiva_Temple
12.82813342815435, 77.50623895610435
12.828128197629814, 77.50616385425943
12.828156965513404, 77.506094116832
12.828196194440254, 77.50601901498707
12.828230192838586, 77.50594659535089
12.82828249805782, 77.50587149350598

Vishala_Cafe T_point13
12.827056285327005,77.51058754234056
12.827017070113193,77.51073502115409
12.82700137846965,77.51078330091154

T_point13 Vishala_Men_Dormitory
12.826951688258658,77.5108369450865
12.826899382762791,77.51085572054772
12.826737235656548,77.51082353404274

T_point13 Female_Dormitory_Yogini
12.82700660901762,77.51085035613025
12.827003993743647,77.51103542853383
12.826980456276747,77.5112151365199
12.826933381336344,77.51130096719982
12.826875845286121,77.51138679787972
12.826802617566806,77.5114028911322
12.826708991385308, 77.51139171545832
12.826546147972046, 77.5113723918781

Vishala_Men_Dormitory Saraswati_Hall_C
12.826544766579149,77.51077802552174
12.826426353437288,77.5107294481087
12.826121110414668,77.51052704222103
12.826008642017143,77.51052699965403

Saraswati_Hall_C T_point14
12.825854340187353,77.51049481314482
12.825632040785521,77.51038484258616
12.825362665953111,77.51030705853249
12.825195287271233,77.51025877877504
12.82512728964992,77.51022122785258

T_point14 Saraswati_Hall_A
12.825101136704397,77.51026950761428
12.825064522589196,77.51037411375543
12.825054061412443,77.51039825363416

T_point14 T_point35
12.82511154,77.51011305
12.82517876,77.51004664
12.82525407,77.50999105
12.82524948,77.50989459
12.8252683,77.50980241
12.82529511,77.50971218
12.82524242,77.50962551

T_point35 Vaibhavi
12.825228134003767, 77.5096327197367
12.825199587417218, 77.50966465827518
12.825191801983959, 77.50967929677198

T_point35 T_point4
12.825218199267859, 77.50959843555913
12.82517002,77.50954907

T_point14 T_point33
12.825085454518753, 77.51018096652285
12.825038379223873, 77.51013805118289
12.824978227445376, 77.51007904259046
12.824923306243758, 77.51002271620675

T_point33 Shuka_Hall
12.824939185754232, 77.50999468539771
12.824961288997947, 77.50997114475769

T_point33 Badri_Vishala
12.824903480510276, 77.51000514790441
12.824881377261471, 77.50996591350435
12.824869475511315, 77.50985256968197
12.824866075011176, 77.50982118216193

Badri_Vishala T_point34
12.824870855724763, 77.50980268566785
12.824894783614951, 77.5096922552686
12.824913925925475, 77.50960022993588

T_point34 T_point4
12.824936841013814, 77.50956794693052
12.825106008477619, 77.50948476404467

T_point34 Ganga_Kutir
12.82487739684286, 77.5095944380211
12.824758171997349, 77.50961723509207
12.824560137383367, 77.50977266966682
12.824443679317373, 77.50986039862448

Gate4 T_point15
12.826322591123724,77.50796106128628
12.826134071320539,77.50786709605357
12.825827828737468,77.50777876127457
12.825466557711117,77.50771987142191

Aparna_Gate T_point15
12.82483014522804,77.50833330744814
12.825114856270341,77.5080830255743
12.82529429583742,77.50792843971104
12.825413922144397,77.50772723271442

T_point15 Panchkarma_Gate
12.825354108998008,77.50770760276355
12.825251230352988,77.50768551906879
12.825215342443657,77.50767079660562

Panchkarma_Gate T_point25
12.8251236532086,77.50766315435537
12.825018381940051,77.50763370942904
12.825072619231271,77.5073022708449
12.825090926288949,77.50717084261629
12.82508569570117,77.50692944382902

T_point25 Meera_Vanam
12.82498372,77.50687578
12.82487324,77.50700382
12.82455594,77.50693374
12.82446607,77.50698105
12.82437042,77.50696981
12.82427364,77.50699858
12.82418338,77.50703826
12.82410411,77.50698855
12.82402365,77.50693552

T_point25 Gopi
12.825097489373038, 77.50679523056178
12.825097489373038, 77.50603421766434
12.825125265805598, 77.50560284140685
12.82510542550295, 77.50545633625013
12.824780044313218, 77.50344189022495
12.824787980444707, 77.50331980259435
12.824891150131434, 77.50319364537604

Gopi T_point26
12.824961356053457, 77.5031580765287
12.825277484101992, 77.50294965161328
12.825328803552933, 77.5029054402676
12.825359595218467, 77.50284859710884
12.82540680909831, 77.50267385702823
12.825657247800494, 77.5023749040636

T_point26 Gokul 
12.825607981192086, 77.50230121848745
12.825550503470092, 77.50214542612642

T_point26 Gurukul
12.825704272050528, 77.50232125460751
12.825767038942326, 77.50225688159757
12.825809249296555, 77.50211527832474
12.82584588369119, 77.50191239043218
12.825909383295931, 77.50124110703463
12.82623665023548, 77.50131875548733
12.826292822876349, 77.50136384168567
12.826507744169094, 77.50141143267281
12.826539493889962, 77.50145150929357
12.826556589891853, 77.50149409070312
12.826495532736928, 77.50178715099234
12.826461340723705, 77.50186730423385
12.826397841258235, 77.5020701921264
12.826456456172604, 77.50249415150631
12.826466331292643, 77.5026130615917
12.8264042147812, 77.50291689099086
12.8264042147812, 77.50305165403081
12.826442440328515, 77.50313986256606
12.826523669597288, 77.50315701422568
12.826791248179559, 77.50312271090644
12.826994321032684, 77.5031423128366
12.827467360668617, 77.5031496635686
12.82771582557265, 77.50322317068131
12.827938010327113, 77.50331137921656

Gurukul T_point40
12.827951461044028, 77.50329790872088
12.827961303224294, 77.50326579107538
12.827999777198018, 77.50316484990383

T_point40 Ganpati_Temple
12.828003356172006, 77.50314466166952
12.828006040402478, 77.50312722637625
12.828013198350252, 77.50308776755465
12.828017672067501, 77.50305381461513
12.828024830014943, 77.50302261461664
12.828042724882657, 77.5029996734413

T_point40 Veda_Bhavanam
12.827964882198842, 77.50315659108071
12.827921934500923, 77.50315200284562
12.8278011440612, 77.50309052049568
12.827725090787956, 77.50305014401927
12.827603405508818, 77.50298957931633

Veda_Bhavanam T_point41
12.827575878004136, 77.50297627425893
12.82754342082155, 77.50296042285018
12.82756125352073, 77.50285413305629
12.827576484196143, 77.50280652765846

T_point41 Vaidic_Bhavanam
12.82755780004012, 77.5027948026229
12.827535143789317, 77.50278421262823
12.82749465321318, 77.50275950820193
12.82745960909601, 77.50274208221576
12.82741500748527, 77.50272465622959

T_point41 Archana
12.827575329551564, 77.50276778221198
12.827611510173258, 77.50265503490746
12.827622642671201, 77.50262791846714
12.827732761965237, 77.50259997645193

Archana Devi_Hall
12.827756990430807, 77.50259396472129
12.827804541221923, 77.50258368882923
12.827899727155922, 77.50256289886694
12.827990506300166, 77.50254120499321

Devi_Hall T_point42
12.828011658717443, 77.50253487761337
12.82814650533565, 77.5025032407142
12.828362436050906, 77.50245442949434

T_point40 T_point43
12.828038605547732, 77.5031674771456
12.82814554551459, 77.50317882308768
12.828298580215682, 77.5031920600201

T_point43 T_point44
12.828315165483465, 77.50318162553268
12.828316085166183, 77.50314389650049
12.82831240643528, 77.5030703248877
12.828314245800739, 77.50304957391998

T_point43 Nakshatra_Vanam
12.828327869881734, 77.50321162293963
12.828366807051049, 77.50330510464453
12.828442911500945, 77.50339586358135
12.82850485696643, 77.50348389975005
12.828542909173377, 77.50354107788024
12.828582731244259, 77.50358736493801

T_point44 Gurukul_Yagnashala
12.828305230591036, 77.5030122411372
12.828315142295466, 77.50296706142488
12.828314040994986, 77.50291510475574

T_point44 Gurukul_Prayogshala
12.828345978706748, 77.50303596048616
12.828427474918383, 77.50299191026666
12.82858716336464, 77.50290606881327
12.828712711456713, 77.50283491075227
12.828740243923452, 77.50283152227385

Gurukul_Yagnashala T_point42
12.828314849306611, 77.50290031571386
12.828329564880098, 77.50277382803534
12.828385624200642, 77.5024863560056
12.828388055446931, 77.50246266817675

T_point42 Markandeya
12.828411314822235, 77.50245074077516
12.82848341887204, 77.50243642789327
12.828542730252353, 77.50243165693263

T_point42 T_point45
12.828404090506288, 77.5023914665418
12.82842501258082, 77.50233245794934
12.828499805551155, 77.50213193175244
12.828556585570338, 77.50202673559392
12.828600544290335, 77.5019506562151
12.82861611,77.50192351
12.82868647,77.50186273
12.82877735,77.50182514
12.82885521,77.5017649
12.82890073,77.50168241
12.8289219,77.50158796
12.82892971,77.50149153
12.82892336,77.50139364
12.82886666,77.50131763
12.8287703,77.50129426
12.82869313,77.501243
12.82863432,77.50115141
12.82857622,77.50107677
12.8285523,77.50098255
12.82854644,77.50088918
12.82851922,77.50079761
12.82849354,77.50070174
12.82847021,77.50060966
12.8284517,77.50051471
12.8284352,77.50041506
12.82841443,77.50031443
12.82839674,77.50021911
12.82835386,77.50012974
12.82833633,77.50003878
12.82834072,77.49993935
12.82835615,77.4998448
12.82839586,77.4997545
12.82842008,77.49965199
12.82845596,77.49956519
12.828518765423112, 77.49922992357956
12.828552763777857, 77.49896974933107
12.828564656663834, 77.4987520754887
12.82856740841421, 77.49873800799291
12.828560368648878, 77.49849252852502
12.828450078966423, 77.49846485191834
12.82843951931344, 77.49832646888497
12.828400800582038, 77.49832285889279

T_point45 Gaushala
12.828392169855494, 77.49832084845383
12.828369997264362, 77.49831990094566
12.828334890657743, 77.49831895343748
12.828316592396055, 77.49831229415108
12.828292401236801, 77.49829888310734

T_point45 A2_Milk_Cafe
12.828399573196304, 77.49830653175466
12.828398772577982, 77.49826301272664
12.828398772577982, 77.49823016817717
12.82839797195965, 77.49821785147113

Gurukul Gurukul_Cottages
12.8279895999018, 77.50336010333704
12.828122978316873, 77.50348348493942
12.828332208614324, 77.5036470617737
12.82845166251515, 77.50371076793805
12.828750297026733, 77.5040538011512
12.828781682285637, 77.50423887207653

Gurukul_Cottages Radha_Kunj_Gate2
12.828777112097393, 77.50434856996952
12.82872857183302, 77.50440526720632
12.828702953356405, 77.50444951870823
12.828647671371618, 77.50449653592901
12.828603176106766, 77.5045573817441
12.828518230579283, 77.50462237613752

T_point39 Hathishala
12.82846587986968, 77.50468839246072
12.828482225236545, 77.50468638080417
12.828503801119183, 77.50468705135636
12.828526684629052, 77.50468638080417

T_point39 Radha_Kunj_Gate2
12.828447573057527, 77.50467632252135
12.82846261079618, 77.50466626423855
12.828476994719262, 77.50465419429919

T_point39 T_point38
12.828437252246516, 77.50468717457458
12.828386331112188, 77.5047209670219
12.82828548726444, 77.50475987954603
12.828176655742316, 77.50478445587132
12.82813411511411, 77.50479271419283

T_point38 Mantap_Radha_Kunj
12.827920845006153, 77.50484645121362
12.827960555368907, 77.50483384528293
12.82806172221716, 77.50480572436062
12.828087250293938, 77.50480184561272

T_point38 Radha_Kunj_ConferenceHall 
12.827945427612406, 77.50489202650152
12.827928408885258, 77.50488135994478
12.827955827945107, 77.50491045055408
12.827978519578592, 77.50491238992802

T_point38 Krishna_Hall
12.827910956873078, 77.5048613300473
12.827870179412052, 77.5049031513054
12.82783429524088, 77.50496002821642
12.827658136508179, 77.50526114127476
12.827423258006066, 77.5056525882506
12.827369431651796, 77.50572452081452
12.827355031460295, 77.50575555465974

Krishna_Hall Radha_Kunj_Gate1
12.827343711916486, 77.50578303079205
12.827275992358866, 77.50586695297625
12.827137487005965, 77.50599795254755
12.827053798265121, 77.5060368445905
12.82689492034847, 77.50609920595109

Radha_Kunj_Gate1 T_point27
12.826866719545338, 77.50611094211081
12.826757280980752, 77.50615957922838
12.826582179193506, 77.50626807733127
12.82627939873223, 77.50651126273432
12.826075112913996, 77.50670581105676
12.825985272834984, 77.5067717108382
12.825819413938174, 77.50697430555314

T_point27 T_point15
12.825793555066165, 77.50701633747865
12.82569154960308, 77.50715374310187
12.8255682295104, 77.50741606292804
12.825447025318184, 77.50769695519838

T_point8 T_point16
12.824527011165303,77.50866894786392
12.82448234875243,77.50869532046175
12.824441746552015,77.50875084172036
12.824393023902882,77.50882579541947
12.824336180800296,77.5089090773074

T_point16 Vasuki
12.824302200293477,77.50890775858423
12.824293120431022,77.50890295686636

T_point16 Setu
12.824346571647492,77.50896009838262
12.824369372599476,77.50897285343837

T_point16 Nandi
12.82430305149918,77.50895298884063
12.824179676111235,77.5091239232553
12.82410604352619,77.50923008379942
12.824091388261312,77.50925581324142

Nandi Siddhi
12.824079078957729,77.50926212534087
12.824046937995558,77.5093049073482
12.824015480879668,77.50934909204427
12.823989494563572,77.50938345791901
12.823933418818987,77.5094521896897
12.823860193598644,77.50955206991952

Siddhi T_point17
12.823838599347898,77.50958553511025
12.823795851431255,77.5096713912688

T_point17 Riddhi
12.82378543798852,77.50970895057655
12.823782814525433,77.50972508431413

Riddhi Karthik
12.823780160448107,77.50973853768787
12.823769707372954,77.50978946591648
12.82374355429573,77.50984579230018

Karthik Ganesh
12.823683447130062, 77.50993431254271
12.823641602190843, 77.51000941438765
12.82364939504024,77.51010319599003
12.823696470594898,77.51021853096617
12.823712162444503,77.5102453530536

Ganesh Parvati
12.823776792066024,77.51030442666304
12.823795099218,77.51036883523659

Ganesh Raddha 
12.82372789206247,77.51027435734295
12.82376087,77.51035863

Raddha Meera
12.823753053294872,77.51037804566748
12.82371241,77.51045188

Meera Shiva
12.82365379,77.51053533
12.823657477740177,77.51052431929024
12.823599236030477,77.51060585793044
12.823618248105818,77.51057528125644

Shiva Buddha
12.82351013,77.51073371
12.82344612,77.5108371

Buddha Mahavir
12.823442144197355,77.5108616088529
12.82340026,77.51092327

T_point9 T_point18
12.823724692055858, 77.509308186208
12.823609618475128, 77.5094208389754
12.823230398348153, 77.50958445370898
12.823094402015444, 77.50968101322306
12.823036865087591, 77.50977489052921
12.822974097514937, 77.51014503533635

T_point18 T_point19
12.82293486777407, 77.51014503533635
12.822628875585536, 77.5100404291952
12.82252164746564, 77.51002165373397
12.822401342691403, 77.51005652244768

T_point19 Tulsi_Dormitory
12.822377761320737, 77.51001626652287
12.822362069387953, 77.50993311805169

T_point19 T_point20
12.822341146804911, 77.51007527506988
12.822220841944404, 77.51006722844363
12.821621932109386, 77.50979632536016
12.821569625505923, 77.50976682106393

T_point20 Trotakacharya_Kutir
12.821572240836359, 77.50971317688898
12.82169516133598, 77.50909895108585
12.821742237256107, 77.50902921365841
12.821810235791856, 77.50901580261467

T_point20 Trotakacharya_Dormitory
12.821488550240053, 77.5097292701503
12.82098379078814, 77.50947714252135
12.820923638040748, 77.50942618055515
12.820968098768464, 77.50920355722911
12.82094194540017, 77.50914186642792

Baswa_Accomodation Baswa_Accomodation_C
12.829335649915492, 77.50750065784557
12.829409976479186, 77.50750989779463
12.829531601717848, 77.50753068768002
12.82976359043599, 77.50757226745077
12.82994405107818, 77.50771982115407
12.830087889425073, 77.50791025797513

Baswa_Accomodation_C Baswa_Accomodation_B
12.83018466315016, 77.50799613033396
12.830359884230573, 77.50813828739757
12.830495876626784, 77.50825362237372
12.830647560366591, 77.50837968618484
12.830812320187249, 77.50854866533592
12.830880316272243, 77.50864254264208

Baswa_Accomodation_B Baswa_Accomodation_A
12.830891773216052, 77.50870325564364
12.830903303981005, 77.50880377718705
12.83088024245055, 77.50895160298622
12.830816823230917, 77.50920290684476

Baswa_Accomodation_A Baswa_Hall
12.830796644384968, 77.50927681974434
12.830710163598203, 77.50960203650247
12.830502609588702, 77.50953108011889
12.830306586200265, 77.50944829767137

Baswa_Hall Baswa_Bunglow_1
12.830248932223302, 77.50941873252944
12.830064439440614, 77.50932116750201
12.82992991920103, 77.50924286571188

Baswa_Bunglow_1 Baswa_Bunglow_2
12.829836195369621, 77.50918486004336
12.829765094499779, 77.50913679821763
12.829689145830706, 77.50908376446355

Baswa_Bunglow_2 Baswa_Bunglow_3
12.829605117489264, 77.50903570262393
12.82934980043349, 77.50890146093397

Baswa_Bunglow_3 Baswa_Bunglow_4
12.829251228580505, 77.50885837101319
12.828987831496347, 77.50875727541948

Baswa_Bunglow_4 Baswa_Bunglow_5
12.828899638936694, 77.50872116538504
12.828745730231795, 77.50864567240765

Baswa_Bunglow_5 T_point7
12.828575930317797, 77.50856677206018
12.828050861533388, 77.5083271350718
12.827449656429712, 77.5080686502304

T_point5 Yagnashala_Accomodation
12.826424945700465, 77.50837691402896
12.826465587314367, 77.50835335481047
12.826529200262078, 77.50832617109684
12.826569841859147, 77.50832617109684
12.826624196530876, 77.50833416296454
12.827019117145042, 77.50847814055022
12.827042070819068, 77.50848952974901

Yagnashala_Accomodation Yagnashala_Accomodation_A
12.827112969407175, 77.50852546820146
12.827128037039936, 77.50856908558316
12.827116884308625, 77.50861402666945
12.827092693034029, 77.50869382237968
12.827104461762497, 77.5087186328106
12.827126037763275, 77.50873405551089
12.82718157375858, 77.50874549906028

Yagnashala_Accomodation_A Yagnashala_Accomodation_B
12.82721164938631, 77.50875086347777
12.827269185359743, 77.50876226286496
12.827551661618301, 77.50880329300028
12.827614500632178, 77.50882959284333
12.827734802914504, 77.50891810573198
12.827962330986876, 77.5090039364119

Yagnashala_Accomodation_B Yagnashala_Accomodation_C
12.828009405753914, 77.50902271191005
12.828336313482533, 77.50914072909495
12.828485383265788, 77.50921583093988
12.828684142848994, 77.50930166164548

Yagnashala_Accomodation_C Yagnashala_Accomodation_D
12.828759985276498, 77.50933653035919
12.828909054808745, 77.50940626778663
12.829102583543392, 77.50944381870909
12.82933795612816, 77.50953769601524
12.8294687185873, 77.50959402244794

Yagnashala_Accomodation_D Vrinda_Van
12.82950533206167, 77.50962889116165
12.82961255720594, 77.50970667521533
12.829725012795967, 77.509795188104
12.829827007357405, 77.50984883227893

Vrinda_Van Guru_Paduka_Vanam
12.829936847608094, 77.5098863832014
12.829999613444102, 77.5099266163326
12.830028381113705, 77.50996953167257
12.829976076257434, 77.51019483720735
12.829913310415549, 77.51033699427096
12.829834853091183, 77.51044428262084
12.829751165251556, 77.51053815992701
12.829507947309626, 77.51068836361686
12.829361493381722, 77.51072859674808
12.829228115623192, 77.51073396116557
12.829230730874034, 77.51073396116557

T_point18 Gate2
12.822965635011393, 77.51018836606217
12.822879372117049, 77.51059172588086

Gate2 Soudamini
12.82285933136175, 77.51063369858089
12.822800399682363, 77.51079083988196
12.822747361159134, 77.51087545442869
12.822514580841657, 77.51109001274362
12.822390824129542, 77.51118671508273

Gate2 T_point22
12.82291531644438, 77.5106246327366
12.82298898100782, 77.51058534741132
12.823018446827161, 77.51056419377464

T_point22 Vasuki_2
12.8230565068749, 77.51051084135904
12.823066504631655, 77.51046367536662

T_point22 Adishesha
12.823028860479342, 77.51060175059544
12.823014590607249, 77.51062708882004

T_point22 T_point23
12.823046036560617, 77.51055588066352
12.823113556987726, 77.51053475432255

T_point23 T_point17
12.823128434367533, 77.51051480166718
12.82324058689472, 77.51023311712098
12.823321840225034, 77.51007114850692
12.823371409487077, 77.5100128729664
12.8234536000912, 77.50994359107308
12.823525657585062, 77.50985814340466
12.82358645607948, 77.50980271789001
12.823664143027331, 77.50970687792496
12.823704675336266, 77.50967685577118
12.823737326358163, 77.50966877288363
12.823784614037535, 77.5096676181854

Reception Gate5
12.82884058671734, 77.51157600288185
12.82868890188808, 77.51200783849018
12.828652288294894, 77.51216340659752
12.828578996032915, 77.51241979983567 

Gate5 Cafe_Vishala_Bistro
12.828573830577286, 77.51245308514224
12.828576445834937, 77.51250404710845
12.828286152070087, 77.5125630557009

Cafe_Vishala_Bistro Sarda_Vihar
12.827967090062193, 77.51268375516227
12.826958131315202, 77.51300737951847
12.826560609273928, 77.5131468543993
12.825116971337563, 77.51365379190548
12.824810521212077, 77.51377942911608
12.824569960763986, 77.51385987967036
12.824180356932386, 77.51387596980234
12.823890114766847, 77.51388937822807
12.823874425991617, 77.51442303357146
12.82384827803071, 77.51476360758458
12.823827359658736, 77.51512295350075
12.823822130065796, 77.51560833851157
12.823819515269276, 77.51586309860014
12.824122831483432, 77.5160561799304
12.824162053380977, 77.51614735722526
12.824175717975805, 77.51685378130682
12.824205371006693, 77.51759234932597
12.824531554115888, 77.51760103836149
12.824950931777993, 77.51762710546804

T_point27 T_point37
12.825776628940089, 77.50694767404661
12.82575070456163, 77.50690040693465
12.825719019206565, 77.5068206436832

T_point37 Panchamrut
12.825765106994444, 77.50677633076573
12.825808314287917, 77.50671133848677
12.825819836231588, 77.50666407137479
12.825819836231588, 77.50657249134537
12.825814075259816, 77.50648386551042

T_point37 Krishna_Kutir
12.825695461630762, 77.50686351501294
12.825685000480242, 77.50689838372665
12.825632694721099, 77.50697080336283
12.82564589,77.50703686
12.825559,77.50706647
12.82546231,77.50708441
12.82544112,77.50699316

T_point23 T_point29
12.823099437746261, 77.51062376121602
12.822965577953996, 77.51103196733405
12.822888578925502, 77.51164306166983
12.822879498150574, 77.51184116498682

T_point29 TTP_YLTP_Office 
12.82287545,77.51188855
12.82279455,77.51185656
12.82269067,77.51190113
12.82258281,77.51186822
12.8224641,77.51186261
12.82237075,77.51188395
12.82228496,77.51191968
12.82218413,77.51194767
12.82207764,77.51200319
12.82198426,77.51207727
12.82192764,77.51215393

TTP_YLTP_Office Narayan
12.82186656,77.51223685
12.82179951,77.51233892
12.82173867,77.51242355
12.82167723,77.51251407
12.82160321,77.51257382
12.82152048,77.51265836
12.82141567,77.51273156
12.8213521,77.5128012
12.82128089,77.51290343
12.82124383,77.51299251
12.82117407,77.51309617
12.82105509715572, 77.51319869473589
12.820917552521218, 77.51348448177282
12.820833596668422, 77.5137006540187
12.82080680224142, 77.51391682626459
12.820842528143457, 77.51401758451479
12.82094970581913, 77.51405239191031
12.82103654538414, 77.51407525795577

Narayan Devi_Place
12.821085524596281, 77.51407514539233
12.821274064427852, 77.51404573690473
12.821315643538142, 77.51405602988373

Devi_Place SSRDP
12.821326616243098, 77.51405690151144
12.821362577068856, 77.51407031255519
12.821408972363844, 77.51409108471208

SSRDP Shanmukha
12.821428538250677, 77.51410246188374
12.821511802181258, 77.51414207663879
12.821557640514978, 77.51414496959194
12.821632392244023, 77.51413918368593

Shanmukha Rishimukh
12.821641559907052, 77.51414135340079
12.821681756579428, 77.51413412101789
12.821752982246299, 77.51412544215842

Rishimukh VVKI
12.821779151941284, 77.51412315528852
12.82181422070902, 77.51412174487415
12.822039760905241, 77.51405616060705
12.822099884549388, 77.51403516709169

VVKI T_point28
12.82214975636845, 77.5140311932595
12.82231843107822, 77.51397721104621
12.822513423686962, 77.51389010338386
12.822714397506001, 77.51375882845609

T_point28 SBI
12.822737035272555, 77.51376436465134
12.822781297338107, 77.51376191091437

T_point28 Gate1
12.822734642728246, 77.51378767515253
12.822751390537908, 77.51385515291912
12.82276454953044, 77.51392753815968
12.822775315978348, 77.5139864278469

T_point29 T_point30
12.822878180737675, 77.51186963498506
12.822870817874056, 77.51214714097115
12.82284504784971, 77.51228872565792

T_point30 Vasishta
12.822817437106401, 77.51226795990387
12.822787985643533, 77.51223964296652
12.822776941344076, 77.51214902876697
12.822734604858312, 77.51205086338415

Vasishta Vishwamitra
12.82268674621365, 77.51203387322171
12.822631524689275, 77.51197346375535
12.82258182530699, 77.5119602491846

T_point30 T_point31
12.82284112,77.51233377
12.82284503,77.51242736
12.822837153266338, 77.51257223892644
12.822797923504133, 77.51271707819879
12.822735155871891, 77.51282436654868

T_point31 T_point32
12.82269947614807, 77.51282693787658
12.822608590107253, 77.51280951534426
12.82250006,77.51274924

T_point32 Gargi_Dinning_Hall
12.822518382784423, 77.5127211161842
12.822548535705318, 77.51262834388692

T_point32 Mahalakshmi_Mantap
12.82248411, 77.51275185
12.82239886,77.51278375
12.82230128,77.51277958
12.822235916138483, 77.51277155302786

Mahalakshmi_Mantap Sumeru_Mantap
12.82223104,77.51279189
12.822207461304803, 77.5128723659165
12.822117049869766, 77.5128901748642
12.8220902,77.51291175
12.82201623,77.5129682
12.82192566,77.51298234
12.82191209,77.51307403
12.82180667,77.51309145

T_point31 Old_Amphitheater
12.822733434402355, 77.51284741649222
12.822714915711346, 77.51290792391677
12.822680275437476, 77.5129555990299
12.822670618090093, 77.51298283597902

Old_Amphitheater Arundhati
12.822677861100667, 77.51302121531644
12.822674239595415, 77.513052166395
12.822673032426977, 77.51312768702671
12.822675707952348, 77.51316066247857

Arundhati SSIAS
12.822679209506724, 77.51317782323683
12.822688363122769, 77.51324621955987
12.82269882439784, 77.51332333306135
12.822700132057195, 77.51339709380193

SSIAS IAHV
12.822700099219203, 77.51341587514962
12.822705983686202, 77.51349030644236
12.822709252834484, 77.51358150153979
12.822715791130918, 77.51360497086633

IAHV T_point28
12.822715372219273, 77.5136217486065
12.822716026048901, 77.51364857069397
12.822729102641238, 77.51372501364328

/ /